167.5,844.5 169.5,840.5 175.5,839.5 179.5,840.5 187.5,837.5 188.5,834.5 188.5,831.5 192.5,828.5 
		196.5,828.5 201.5,828.5 204.5,829.5 203.5,831.5 199.5,833.5 195.5,838.5 192.5,841.5 183.5,845.5 177.5,847.5 171.5,848.5 
		168.5,846.5

206.5,835.5 206.5,831.5 209.5,826.5 205.5,823.5 206.5,820.5 213.5,821.5 219.5,820.5 225.5,818.5 
		232.5,818.5 225.5,820.5 219.5,825.5 216.5,829.5 214.5,836.5 211.5,837.5 208.5,837.5

229.5,826.5 233.5,823.5 240.5,822.5 249.5,820.5 254.5,821.5 262.5,820.5 267.5,820.5 275.5,820.5 
		282.5,820.5 291.5,821.5 293.5,819.5 297.5,817.5 303.5,817.5 310.5,816.5 309.5,819.5 305.5,821.5 302.5,825.5 296.5,826.5 
		286.5,828.5 281.5,828.5 272.5,828.5 264.5,828.5 256.5,828.5 254.5,828.5 248.5,830.5 242.5,830.5 235.5,831.5 230.5,828.5

315.5,808.5 318.5,805.5 322.5,805.5 323.5,809.5 321.5,812.5 322.5,813.5 318.5,816.5 316.5,820.5 
		314.5,818.5 315.5,814.5 311.5,814.5 315.5,810.5

292.5,812.5 297.5,811.5 302.5,808.5 305.5,810.5 301.5,812.5 298.5,814.5 293.5,814.5

364.5,780.5 364.5,779.5 368.5,776.5 372.5,775.5 369.5,773.5 371.5,771.5 375.5,768.5 377.5,765.5 
		377.5,762.5 374.5,761.5 372.5,760.5 370.5,758.5 370.5,756.5 373.5,754.5 379.5,752.5 383.5,752.5 388.5,751.5 395.5,749.5 
		400.5,747.5 403.5,745.5 406.5,742.5 407.5,742.5 406.5,744.5 406.5,745.5 408.5,747.5 410.5,748.5 409.5,749.5 409.5,753.5 
		405.5,756.5 405.5,759.5 402.5,760.5 397.5,764.5 394.5,768.5 390.5,773.5 386.5,776.5 382.5,777.5 375.5,780.5 370.5,781.5 
		366.5,781.5

373.5,790.5 375.5,788.5 379.5,785.5 385.5,783.5 390.5,781.5 395.5,778.5 401.5,774.5 405.5,773.5 
		412.5,773.5 418.5,772.5 422.5,771.5 429.5,770.5 428.5,771.5 426.5,772.5 423.5,773.5 420.5,775.5 417.5,777.5 416.5,779.5 
		415.5,781.5 413.5,783.5 410.5,783.5 407.5,784.5 404.5,785.5 401.5,786.5 399.5,786.5 395.5,787.5 392.5,788.5 390.5,789.5 
		394.5,788.5 398.5,788.5 399.5,788.5 400.5,789.5 397.5,790.5 394.5,790.5 390.5,791.5 387.5,791.5 384.5,791.5 383.5,790.5 
		381.5,791.5 378.5,791.5 375.5,791.5

414.5,764.5 413.5,761.5 411.5,759.5 412.5,756.5 416.5,753.5 421.5,750.5 425.5,750.5 430.5,749.5 
		434.5,745.5 436.5,742.5 436.5,738.5 437.5,735.5 441.5,731.5 445.5,730.5 449.5,729.5 452.5,729.5 457.5,728.5 461.5,729.5 
		459.5,731.5 462.5,731.5 465.5,733.5 465.5,735.5 463.5,738.5 460.5,740.5 459.5,744.5 458.5,747.5 455.5,750.5 452.5,752.5 
		452.5,755.5 449.5,757.5 443.5,761.5 437.5,764.5 434.5,764.5 431.5,761.5 427.5,761.5 422.5,762.5 417.5,764.5

474.5,738.5 475.5,735.5 477.5,732.5 482.5,728.5 488.5,724.5 494.5,724.5 499.5,721.5 504.5,719.5 
		510.5,720.5 516.5,722.5 522.5,722.5 526.5,723.5 532.5,722.5 537.5,720.5 544.5,720.5 550.5,722.5 554.5,723.5 558.5,723.5 
		558.5,727.5 555.5,729.5 552.5,731.5 549.5,735.5 547.5,738.5 544.5,740.5 540.5,744.5 535.5,747.5 530.5,750.5 527.5,751.5 
		523.5,751.5 520.5,752.5 518.5,752.5 516.5,749.5 516.5,745.5 511.5,745.5 507.5,746.5 503.5,745.5 500.5,744.5 496.5,741.5 
		494.5,738.5 491.5,737.5 487.5,737.5 483.5,738.5 478.5,740.5 475.5,739.5

455.5,714.5 459.5,712.5 463.5,712.5 469.5,710.5 473.5,708.5 478.5,707.5 482.5,705.5 487.5,703.5 
		490.5,704.5 487.5,705.5 485.5,706.5 487.5,708.5 492.5,707.5 496.5,707.5 500.5,707.5 505.5,708.5 508.5,709.5 506.5,712.5 
		501.5,713.5 495.5,714.5 489.5,718.5 484.5,721.5 478.5,724.5 473.5,725.5 470.5,722.5 465.5,720.5 460.5,719.5 458.5,716.5

523.5,704.5 526.5,701.5 532.5,698.5 540.5,698.5 547.5,697.5 561.5,698.5 569.5,697.5 576.5,700.5 
		572.5,702.5 567.5,704.5 567.5,706.5 570.5,710.5 570.5,714.5 568.5,717.5 564.5,717.5 558.5,716.5 555.5,713.5 551.5,711.5 
		546.5,712.5 539.5,714.5 535.5,715.5 529.5,717.5 523.5,718.5 518.5,717.5 521.5,714.5 528.5,713.5 534.5,709.5 532.5,708.5 
		527.5,708.5 523.5,706.5

558.5,738.5 560.5,735.5 562.5,734.5 561.5,732.5 563.5,730.5 567.5,728.5 570.5,725.5 572.5,722.5 
		574.5,718.5 577.5,717.5 578.5,714.5 581.5,711.5 587.5,708.5 592.5,708.5 598.5,708.5 603.5,708.5 608.5,706.5 610.5,706.5 
		609.5,708.5 609.5,711.5 608.5,714.5 604.5,717.5 600.5,718.5 597.5,718.5 594.5,716.5 590.5,717.5 587.5,719.5 584.5,721.5 
		582.5,725.5 579.5,725.5 575.5,726.5 573.5,727.5 571.5,730.5 569.5,732.5 568.5,734.5 566.5,735.5 562.5,738.5 560.5,739.5

598.5,742.5 593.5,740.5 586.5,738.5 583.5,738.5 577.5,735.5 577.5,733.5 578.5,731.5 580.5,730.5 
		584.5,731.5 587.5,733.5 591.5,736.5 594.5,738.5 597.5,740.5

602.5,735.5 598.5,734.5 596.5,734.5 592.5,731.5 591.5,727.5 592.5,727.5 596.5,728.5 600.5,728.5 
		604.5,727.5 608.5,728.5 612.5,731.5 614.5,733.5 620.5,734.5 625.5,734.5 627.5,733.5 626.5,735.5 628.5,736.5 630.5,738.5 
		629.5,741.5 626.5,742.5 622.5,742.5 618.5,741.5 615.5,741.5 610.5,741.5 606.5,741.5 604.5,740.5 604.5,737.5

467.5,743.5 470.5,742.5 475.5,743.5 482.5,745.5 491.5,748.5 501.5,753.5 506.5,755.5 505.5,757.5 
		501.5,756.5 497.5,754.5 494.5,755.5 490.5,755.5 484.5,754.5 480.5,751.5 478.5,749.5 473.5,748.5 468.5,747.5 467.5,746.5

414.5,744.5 417.5,740.5 420.5,734.5 424.5,731.5 428.5,729.5 433.5,725.5 435.5,723.5 440.5,721.5 
		440.5,724.5 438.5,726.5 435.5,727.5 433.5,731.5 431.5,733.5 429.5,735.5 424.5,738.5 421.5,740.5 417.5,744.5

417.5,721.5 421.5,719.5 426.5,718.5 424.5,716.5 421.5,714.5 424.5,711.5 429.5,709.5 432.5,709.5 
		437.5,709.5 435.5,713.5 435.5,716.5 430.5,720.5 422.5,725.5 419.5,726.5 417.5,724.5

417.5,692.5 422.5,691.5 426.5,691.5 425.5,693.5 429.5,691.5 433.5,688.5 436.5,687.5 439.5,689.5 
		443.5,690.5 447.5,690.5 446.5,693.5 444.5,695.5 440.5,698.5 437.5,697.5 437.5,695.5 434.5,694.5 432.5,696.5 429.5,696.5 
		427.5,696.5 425.5,696.5 422.5,694.5 419.5,694.5 417.5,694.5

444.5,702.5 447.5,702.5 447.5,700.5 449.5,697.5 453.5,695.5 459.5,694.5 459.5,696.5 455.5,698.5 
		453.5,700.5 455.5,700.5 453.5,702.5 449.5,705.5 447.5,706.5 445.5,705.5 443.5,703.5

463.5,698.5 467.5,694.5 469.5,691.5 473.5,691.5 475.5,692.5 478.5,692.5 480.5,691.5 484.5,691.5 
		483.5,694.5 481.5,696.5 479.5,697.5 476.5,698.5 474.5,698.5 471.5,698.5 469.5,698.5 468.5,699.5 466.5,701.5 463.5,701.5

505.5,698.5 502.5,698.5 502.5,696.5 505.5,694.5 509.5,692.5 513.5,691.5 519.5,689.5 520.5,690.5 
		518.5,693.5 517.5,695.5 516.5,698.5 513.5,697.5 511.5,697.5 509.5,698.5 510.5,700.5 508.5,702.5 505.5,701.5 503.5,700.5
